{
 "cells": [
  {
   "cell_type": "code",
   "execution_count": 1,
   "id": "69362a28",
   "metadata": {},
   "outputs": [],
   "source": [
    "import requests\n",
    "import json\n",
    "import re\n",
    "import pandas as pd\n",
    "from sklearn.feature_extraction.text import CountVectorizer\n",
    "from sklearn.decomposition import NMF, LatentDirichletAllocation, TruncatedSVD\n",
    "\n",
    "import os\n"
   ]
  },
  {
   "cell_type": "code",
   "execution_count": 2,
   "id": "105805ff",
   "metadata": {},
   "outputs": [
    {
     "name": "stdout",
     "output_type": "stream",
     "text": [
      "Requirement already satisfied: chardet in /opt/anaconda3/lib/python3.9/site-packages (4.0.0)\n",
      "Note: you may need to restart the kernel to use updated packages.\n"
     ]
    }
   ],
   "source": [
    "pip install chardet\n"
   ]
  },
  {
   "cell_type": "code",
   "execution_count": 5,
   "id": "3c4c10dc",
   "metadata": {},
   "outputs": [],
   "source": [
    "import os\n",
    "import chardet\n",
    "\n",
    "def get_encoding(file_path):\n",
    "    with open(file_path, 'rb') as file:\n",
    "        return chardet.detect(file.read())['encoding']\n",
    "\n",
    "def preprocess_text(text):\n",
    "    \n",
    "    custom_stop_words = ['text', 'doc']\n",
    "\n",
    "    text = re.sub(r'[^a-zA-Z\\s]', '', text, re.I|re.A)\n",
    "    \n",
    "    text = text.lower()\n",
    "    \n",
    "    text = ' '.join([word for word in text.split() if word not in custom_stop_words])\n",
    "    \n",
    "    text = text.replace('<', '').replace('>', '')\n",
    "\n",
    "    return text\n",
    "\n",
    "\n",
    "\n",
    "# Function to process each file within a given directory\n",
    "def process_files_in_directory(directory_path):\n",
    "    documents = []\n",
    "    for filename in os.listdir(directory_path):\n",
    "        file_path = os.path.join(directory_path, filename)\n",
    "        if os.path.isfile(file_path):\n",
    "            encoding = get_encoding(file_path)  # Automatically detect file encoding\n",
    "            try:\n",
    "                with open(file_path, 'r', encoding=encoding) as file:  # Use the detected encoding\n",
    "                    text = file.read()\n",
    "                    cleaned_text = preprocess_text(text)\n",
    "                    documents.append(cleaned_text)\n",
    "            except Exception as e:\n",
    "                print(f\"Error processing {file_path}: {e}\")\n",
    "    return documents\n",
    "\n",
    "# Paths to your directories\n",
    "directory_paths = [\n",
    "    \"/Users/gozi/Desktop/text mining/Homework8/f-d\",\n",
    "    \"/Users/gozi/Desktop/text mining/Homework8/m-d\",\n",
    "    \"/Users/gozi/Desktop/text mining/Homework8/f-r\",\n",
    "    \"/Users/gozi/Desktop/text mining/Homework8/m-r\"\n",
    "]\n",
    "\n",
    "# Initialize an empty list to hold all documents\n",
    "documents = []\n",
    "\n",
    "# Process files within each directory\n",
    "for directory_path in directory_paths:\n",
    "    documents.extend(process_files_in_directory(directory_path))\n",
    "\n"
   ]
  },
  {
   "cell_type": "code",
   "execution_count": 6,
   "id": "a8cd0c54",
   "metadata": {},
   "outputs": [],
   "source": [
    "vectorizer=CountVectorizer(input='content',\n",
    "                        stop_words='english',\n",
    "                        max_features=100)\n",
    "\n",
    "\n",
    "X = vectorizer.fit_transform(documents)\n",
    "ColNames = vectorizer.get_feature_names_out()\n",
    "df_vector=pd.DataFrame(X.toarray(), columns=ColNames)"
   ]
  },
  {
   "cell_type": "code",
   "execution_count": 7,
   "id": "4c34f4db",
   "metadata": {},
   "outputs": [
    {
     "name": "stdout",
     "output_type": "stream",
     "text": [
      "mr\n",
      "ms\n",
      "     act  administration  amendment  america  american  americans  believe  \\\n",
      "0    140              24         12       95       200         75       28   \n",
      "1    206              22         81       57       101         38       38   \n",
      "2    203              75        100       60        82         46       61   \n",
      "3     64               8         11       10        41         17       10   \n",
      "4     59               4         16        2        11         12        2   \n",
      "..   ...             ...        ...      ...       ...        ...      ...   \n",
      "424   69              16         20       10        30         18       14   \n",
      "425   77               5         50       14        48         17        8   \n",
      "426   53               6         26       50        98         23       24   \n",
      "427   81              12         74       60        88         55       61   \n",
      "428   43               6         10       12        24         16       15   \n",
      "\n",
      "     billion  budget  care  ...  vote  want  war  way  work  working  world  \\\n",
      "0         20      12   186  ...    44   126   33   32    94       65     29   \n",
      "1         12       6    24  ...    32    49   79   46    72       31    161   \n",
      "2         65      46    50  ...    39   118  243   64   139       50     31   \n",
      "3          0       4    25  ...    14    38   45   17    42        9     24   \n",
      "4          5       3     2  ...    13    16   23    3    25        8      7   \n",
      "..       ...     ...   ...  ...   ...   ...  ...  ...   ...      ...    ...   \n",
      "424       17       2     7  ...     6    25   14   28    20        6     29   \n",
      "425       22       9     3  ...    22    39    8   51    23        2     13   \n",
      "426       32      33    20  ...    24    36   24   55    51       27     29   \n",
      "427       14      25    39  ...    27   122   77   23    21       14     31   \n",
      "428       12       2    10  ...    23    27   55   17    22        8     28   \n",
      "\n",
      "     year  years  yield  \n",
      "0      87    114     57  \n",
      "1      97    123    176  \n",
      "2     102     91     59  \n",
      "3      36     40     27  \n",
      "4       8     11     26  \n",
      "..    ...    ...    ...  \n",
      "424    34     51     15  \n",
      "425    27     19     33  \n",
      "426    36     45     12  \n",
      "427    54     20     20  \n",
      "428    40     20     11  \n",
      "\n",
      "[429 rows x 95 columns]\n"
     ]
    }
   ],
   "source": [
    "def Logical_Numbers_Present(anyString):\n",
    "    return any(char.isdigit() for char in anyString)\n",
    "##----------------------------------------------------\n",
    "\n",
    "for nextcol in df_vector.columns:\n",
    "    #print(nextcol)\n",
    "    ## Remove unwanted columns\n",
    "    #Result=str.isdigit(nextcol) ## Fast way to check numbers\n",
    "    #print(Result)\n",
    "    \n",
    "    ##-------------call the function -------\n",
    "    LogResult=Logical_Numbers_Present(nextcol)\n",
    "    ## The above returns a logical of True or False\n",
    "    \n",
    "    ## The following will remove all columns that contains numbers\n",
    "    if(LogResult==True):\n",
    "        #print(LogResult)\n",
    "        #print(nextcol)\n",
    "        df_vector=df_vector.drop([nextcol], axis=1)\n",
    "\n",
    "    ## The following will remove any column with name\n",
    "    ## of 3 or smaller - like \"it\" or \"of\" or \"pre\".\n",
    "    ##print(len(nextcol))  ## check it first\n",
    "    ## NOTE: You can also use this code to CONTROL\n",
    "    ## the words in the columns. For example - you can\n",
    "    ## have only words between lengths 5 and 9. \n",
    "    ## In this case, we remove columns with words <= 3.\n",
    "    elif(len(str(nextcol))<=2):\n",
    "        print(nextcol)\n",
    "        df_vector=df_vector.drop([nextcol], axis=1)\n",
    "    \n",
    "    \n",
    "print(df_vector)"
   ]
  },
  {
   "cell_type": "code",
   "execution_count": 11,
   "id": "5fe7dbfc",
   "metadata": {},
   "outputs": [],
   "source": [
    "from sklearn.decomposition import NMF, LatentDirichletAllocation, TruncatedSVD\n",
    "from sklearn.feature_extraction.text import CountVectorizer\n"
   ]
  },
  {
   "cell_type": "code",
   "execution_count": 24,
   "id": "b20db04e",
   "metadata": {},
   "outputs": [
    {
     "name": "stderr",
     "output_type": "stream",
     "text": [
      "/opt/anaconda3/lib/python3.9/site-packages/sklearn/utils/deprecation.py:87: FutureWarning: Function get_feature_names is deprecated; get_feature_names is deprecated in 1.0 and will be removed in 1.2. Please use get_feature_names_out instead.\n",
      "  warnings.warn(msg, category=FutureWarning)\n"
     ]
    },
    {
     "name": "stdout",
     "output_type": "stream",
     "text": [
      "    administration  amendment  america  american  americans  believe  billion  \\\n",
      "0                0          0        0         0          0        0        0   \n",
      "1                1          0        0         0          0        0        0   \n",
      "2                0          1        0         0          0        0        0   \n",
      "3                0          0        1         0          0        0        0   \n",
      "4                0          0        0         1          0        0        0   \n",
      "..             ...        ...      ...       ...        ...      ...      ...   \n",
      "90               0          0        0         0          0        0        0   \n",
      "91               0          0        0         0          0        0        0   \n",
      "92               0          0        0         0          0        0        0   \n",
      "93               0          0        0         0          0        0        0   \n",
      "94               0          0        0         0          0        0        0   \n",
      "\n",
      "    budget  care  chairman  ...  vote  want  war  way  work  working  world  \\\n",
      "0        0     0         0  ...     0     0    0    0     0        0      0   \n",
      "1        0     0         0  ...     0     0    0    0     0        0      0   \n",
      "2        0     0         0  ...     0     0    0    0     0        0      0   \n",
      "3        0     0         0  ...     0     0    0    0     0        0      0   \n",
      "4        0     0         0  ...     0     0    0    0     0        0      0   \n",
      "..     ...   ...       ...  ...   ...   ...  ...  ...   ...      ...    ...   \n",
      "90       0     0         0  ...     0     0    0    0     0        1      0   \n",
      "91       0     0         0  ...     0     0    0    0     0        0      1   \n",
      "92       0     0         0  ...     0     0    0    0     0        0      0   \n",
      "93       0     0         0  ...     0     0    0    0     0        0      0   \n",
      "94       0     0         0  ...     0     0    0    0     0        0      0   \n",
      "\n",
      "    year  years  yield  \n",
      "0      0      0      0  \n",
      "1      0      0      0  \n",
      "2      0      0      0  \n",
      "3      0      0      0  \n",
      "4      0      0      0  \n",
      "..   ...    ...    ...  \n",
      "90     0      0      0  \n",
      "91     0      0      0  \n",
      "92     1      0      0  \n",
      "93     0      1      0  \n",
      "94     0      0      1  \n",
      "\n",
      "[95 rows x 91 columns]\n",
      "SIZE:  (95, 5)\n",
      "[0.2 0.2 0.2 0.2 0.2]\n",
      "[0.59992059 0.10001993 0.10002056 0.10001997 0.10001895]\n",
      "List of prob: \n",
      "[[0.2        0.2        0.2        0.2        0.2       ]\n",
      " [0.1000267  0.5999045  0.10002375 0.10002311 0.10002193]\n",
      " [0.10002806 0.10002438 0.10002507 0.10002435 0.59989814]\n",
      " [0.10002679 0.59990448 0.10002376 0.10002308 0.10002189]\n",
      " [0.1000282  0.10002437 0.10002506 0.10002444 0.59989793]\n",
      " [0.1000268  0.59990426 0.10002379 0.10002316 0.100022  ]\n",
      " [0.59992059 0.10001993 0.10002056 0.10001997 0.10001895]\n",
      " [0.10002676 0.10002314 0.10002369 0.59990457 0.10002185]\n",
      " [0.10002603 0.10002244 0.59990777 0.10002252 0.10002124]\n",
      " [0.5999207  0.10001999 0.1000205  0.10001991 0.10001891]\n",
      " [0.10002675 0.1000231  0.10002372 0.59990455 0.10002188]\n",
      " [0.10002672 0.59990451 0.10002373 0.10002314 0.1000219 ]\n",
      " [0.10002823 0.1000244  0.10002512 0.10002439 0.59989785]\n",
      " [0.10002684 0.59990437 0.10002375 0.10002305 0.10002199]\n",
      " [0.10002818 0.10002436 0.1000251  0.10002439 0.59989797]\n",
      " [0.10002604 0.10002249 0.59990763 0.10002251 0.10002134]\n",
      " [0.10002676 0.59990446 0.10002375 0.1000231  0.10002193]\n",
      " [0.10002683 0.10002306 0.10002373 0.59990449 0.10002189]\n",
      " [0.10002597 0.10002245 0.5999078  0.10002246 0.10002132]\n",
      " [0.2        0.2        0.2        0.2        0.2       ]\n",
      " [0.10002675 0.59990445 0.10002378 0.10002315 0.10002188]\n",
      " [0.5999206  0.10002    0.10002051 0.10001997 0.10001892]\n",
      " [0.59992063 0.10001997 0.10002049 0.10001999 0.10001892]\n",
      " [0.10002674 0.59990445 0.1000238  0.10002308 0.10002193]\n",
      " [0.10002677 0.10002311 0.10002375 0.59990452 0.10002185]\n",
      " [0.10002607 0.10002247 0.59990774 0.10002241 0.1000213 ]\n",
      " [0.5999207  0.10001992 0.10002052 0.10001996 0.1000189 ]\n",
      " [0.10002602 0.10002252 0.5999076  0.10002248 0.10002138]\n",
      " [0.10002681 0.1000231  0.10002381 0.59990439 0.10002189]\n",
      " [0.59992056 0.10001999 0.10002058 0.10001997 0.10001891]\n",
      " [0.10002609 0.10002251 0.59990757 0.10002248 0.10002135]\n",
      " [0.10002678 0.59990447 0.10002373 0.10002309 0.10002193]\n",
      " [0.10002603 0.10002247 0.59990776 0.10002243 0.10002132]\n",
      " [0.59992067 0.10001996 0.10002047 0.10001996 0.10001893]\n",
      " [0.10002676 0.59990462 0.10002367 0.10002307 0.10002188]\n",
      " [0.59992067 0.10001993 0.10002047 0.10001996 0.10001897]\n",
      " [0.10002817 0.10002444 0.10002501 0.10002433 0.59989804]\n",
      " [0.10002682 0.59990424 0.10002385 0.10002314 0.10002194]\n",
      " [0.10002822 0.10002439 0.10002507 0.10002435 0.59989797]\n",
      " [0.10002674 0.10002302 0.10002377 0.5999045  0.10002197]\n",
      " [0.59992075 0.10001995 0.10002049 0.10001993 0.10001888]\n",
      " [0.10002603 0.10002242 0.59990778 0.10002249 0.10002128]\n",
      " [0.10002823 0.10002436 0.10002502 0.10002435 0.59989804]\n",
      " [0.10002817 0.10002429 0.10002506 0.10002441 0.59989806]\n",
      " [0.10002606 0.10002242 0.59990779 0.10002242 0.1000213 ]\n",
      " [0.10002609 0.10002246 0.59990762 0.1000225  0.10002133]\n",
      " [0.2        0.2        0.2        0.2        0.2       ]\n",
      " [0.10002824 0.10002438 0.10002507 0.10002445 0.59989786]\n",
      " [0.59992057 0.10001994 0.10002053 0.10002    0.10001895]\n",
      " [0.10002608 0.10002251 0.59990763 0.10002251 0.10002127]\n",
      " [0.10002823 0.10002436 0.10002508 0.10002439 0.59989794]\n",
      " [0.1000268  0.59990436 0.10002379 0.10002313 0.10002192]\n",
      " [0.10002605 0.10002247 0.59990764 0.1000225  0.10002134]\n",
      " [0.10002826 0.10002439 0.10002508 0.1000243  0.59989797]\n",
      " [0.10002595 0.10002247 0.59990781 0.10002247 0.1000213 ]\n",
      " [0.10002675 0.59990444 0.10002374 0.10002315 0.10002193]\n",
      " [0.1000268  0.59990438 0.10002381 0.1000231  0.10002192]\n",
      " [0.10002671 0.10002311 0.10002371 0.59990459 0.10002189]\n",
      " [0.10002678 0.10002313 0.10002373 0.59990447 0.10002189]\n",
      " [0.59992062 0.10001996 0.1000205  0.10002    0.10001891]\n",
      " [0.10002603 0.1000225  0.59990769 0.10002246 0.10002131]\n",
      " [0.10002677 0.10002317 0.10002372 0.59990442 0.10002192]\n",
      " [0.10002681 0.10002307 0.10002369 0.59990449 0.10002194]\n",
      " [0.10002673 0.59990454 0.10002373 0.10002313 0.10002187]\n",
      " [0.10002826 0.10002442 0.10002503 0.10002432 0.59989797]\n",
      " [0.10002822 0.10002432 0.10002507 0.1000244  0.59989798]\n",
      " [0.10002609 0.10002247 0.59990763 0.10002247 0.10002133]\n",
      " [0.10002819 0.1000243  0.10002508 0.10002432 0.59989811]\n",
      " [0.10002677 0.59990451 0.10002373 0.10002309 0.1000219 ]\n",
      " [0.10002831 0.10002436 0.10002504 0.10002439 0.5998979 ]\n",
      " [0.10002679 0.59990452 0.10002372 0.10002307 0.1000219 ]\n",
      " [0.1000267  0.59990454 0.10002369 0.10002314 0.10002193]\n",
      " [0.10002675 0.1000231  0.10002372 0.59990454 0.10002189]\n",
      " [0.10002679 0.10002308 0.10002378 0.5999044  0.10002195]\n",
      " [0.10002675 0.59990458 0.10002373 0.10002304 0.1000219 ]\n",
      " [0.10002603 0.1000225  0.59990768 0.10002249 0.1000213 ]\n",
      " [0.10002676 0.10002312 0.10002377 0.59990445 0.10002191]\n",
      " [0.2        0.2        0.2        0.2        0.2       ]\n",
      " [0.10002671 0.1000231  0.10002379 0.59990451 0.10002189]\n",
      " [0.100026   0.10002247 0.59990767 0.1000225  0.10002136]\n",
      " [0.59992062 0.10001997 0.10002053 0.10001997 0.10001891]\n",
      " [0.10002676 0.10002313 0.10002372 0.59990452 0.10002186]\n",
      " [0.10002676 0.10002311 0.10002374 0.59990453 0.10002186]\n",
      " [0.10002826 0.1000244  0.10002503 0.10002441 0.5998979 ]\n",
      " [0.10002674 0.10002309 0.10002374 0.59990445 0.10002198]\n",
      " [0.10002681 0.10002312 0.10002379 0.59990437 0.10002191]\n",
      " [0.10002599 0.10002241 0.59990783 0.10002248 0.10002129]\n",
      " [0.10002812 0.10002435 0.10002508 0.10002436 0.59989809]\n",
      " [0.10002832 0.10002435 0.1000251  0.10002436 0.59989787]\n",
      " [0.59992063 0.10001998 0.10002048 0.10002    0.1000189 ]\n",
      " [0.10002828 0.10002437 0.10002508 0.10002433 0.59989795]\n",
      " [0.10002826 0.10002436 0.10002507 0.10002436 0.59989795]\n",
      " [0.10002662 0.10002309 0.10002372 0.59990462 0.10002194]\n",
      " [0.59992067 0.10001992 0.10002049 0.10001998 0.10001894]\n",
      " [0.10002825 0.10002435 0.10002509 0.10002435 0.59989796]]\n"
     ]
    }
   ],
   "source": [
    "\n",
    "from sklearn.feature_extraction.text import CountVectorizer, ENGLISH_STOP_WORDS\n",
    "\n",
    "custom_stop_words = ['ms', 'text', 'doc', 'mr','act', 'like']\n",
    "\n",
    "all_stop_words = ENGLISH_STOP_WORDS.union(custom_stop_words)\n",
    "\n",
    "\n",
    "\n",
    "MyVectLDA_DH=CountVectorizer(input='content', stop_words=all_stop_words)\n",
    "\n",
    "Vect_DH = MyVectLDA_DH.fit_transform(df_vector)\n",
    "ColumnNamesLDA_DH=MyVectLDA_DH.get_feature_names()\n",
    "CorpusDF_DH=pd.DataFrame(Vect_DH.toarray(),columns=ColumnNamesLDA_DH)\n",
    "print(CorpusDF_DH)\n",
    "\n",
    "\n",
    "lda_model_DH = LatentDirichletAllocation(n_components=5, max_iter=100, learning_method='online')\n",
    "#lda_model = LatentDirichletAllocation(n_components=NUM_TOPICS, max_iter=10, learning_method='online')\n",
    "LDA_DH_Model = lda_model_DH.fit_transform(Vect_DH)\n",
    "\n",
    "print(\"SIZE: \", LDA_DH_Model.shape)  # (NO_DOCUMENTS, NO_TOPICS)\n",
    "\n",
    "# Let's see how the first document in the corpus looks like in\n",
    "## different topic spaces\n",
    "print(LDA_DH_Model[0])\n",
    "print(LDA_DH_Model[6])\n",
    "print(\"List of prob: \")\n",
    "print(LDA_DH_Model)\n",
    "\n"
   ]
  },
  {
   "cell_type": "code",
   "execution_count": 26,
   "id": "92f14562",
   "metadata": {},
   "outputs": [
    {
     "name": "stdout",
     "output_type": "stream",
     "text": [
      "List of prob: \n",
      "[[0.2        0.2        0.2        0.2        0.2       ]\n",
      " [0.1000267  0.5999045  0.10002375 0.10002311 0.10002193]\n",
      " [0.10002806 0.10002438 0.10002507 0.10002435 0.59989814]\n",
      " [0.10002679 0.59990448 0.10002376 0.10002308 0.10002189]\n",
      " [0.1000282  0.10002437 0.10002506 0.10002444 0.59989793]\n",
      " [0.1000268  0.59990426 0.10002379 0.10002316 0.100022  ]\n",
      " [0.59992059 0.10001993 0.10002056 0.10001997 0.10001895]\n",
      " [0.10002676 0.10002314 0.10002369 0.59990457 0.10002185]\n",
      " [0.10002603 0.10002244 0.59990777 0.10002252 0.10002124]\n",
      " [0.5999207  0.10001999 0.1000205  0.10001991 0.10001891]\n",
      " [0.10002675 0.1000231  0.10002372 0.59990455 0.10002188]\n",
      " [0.10002672 0.59990451 0.10002373 0.10002314 0.1000219 ]\n",
      " [0.10002823 0.1000244  0.10002512 0.10002439 0.59989785]\n",
      " [0.10002684 0.59990437 0.10002375 0.10002305 0.10002199]\n",
      " [0.10002818 0.10002436 0.1000251  0.10002439 0.59989797]\n",
      " [0.10002604 0.10002249 0.59990763 0.10002251 0.10002134]\n",
      " [0.10002676 0.59990446 0.10002375 0.1000231  0.10002193]\n",
      " [0.10002683 0.10002306 0.10002373 0.59990449 0.10002189]\n",
      " [0.10002597 0.10002245 0.5999078  0.10002246 0.10002132]\n",
      " [0.2        0.2        0.2        0.2        0.2       ]\n",
      " [0.10002675 0.59990445 0.10002378 0.10002315 0.10002188]\n",
      " [0.5999206  0.10002    0.10002051 0.10001997 0.10001892]\n",
      " [0.59992063 0.10001997 0.10002049 0.10001999 0.10001892]\n",
      " [0.10002674 0.59990445 0.1000238  0.10002308 0.10002193]\n",
      " [0.10002677 0.10002311 0.10002375 0.59990452 0.10002185]\n",
      " [0.10002607 0.10002247 0.59990774 0.10002241 0.1000213 ]\n",
      " [0.5999207  0.10001992 0.10002052 0.10001996 0.1000189 ]\n",
      " [0.10002602 0.10002252 0.5999076  0.10002248 0.10002138]\n",
      " [0.10002681 0.1000231  0.10002381 0.59990439 0.10002189]\n",
      " [0.59992056 0.10001999 0.10002058 0.10001997 0.10001891]\n",
      " [0.10002609 0.10002251 0.59990757 0.10002248 0.10002135]\n",
      " [0.10002678 0.59990447 0.10002373 0.10002309 0.10002193]\n",
      " [0.10002603 0.10002247 0.59990776 0.10002243 0.10002132]\n",
      " [0.59992067 0.10001996 0.10002047 0.10001996 0.10001893]\n",
      " [0.10002676 0.59990462 0.10002367 0.10002307 0.10002188]\n",
      " [0.59992067 0.10001993 0.10002047 0.10001996 0.10001897]\n",
      " [0.10002817 0.10002444 0.10002501 0.10002433 0.59989804]\n",
      " [0.10002682 0.59990424 0.10002385 0.10002314 0.10002194]\n",
      " [0.10002822 0.10002439 0.10002507 0.10002435 0.59989797]\n",
      " [0.10002674 0.10002302 0.10002377 0.5999045  0.10002197]\n",
      " [0.59992075 0.10001995 0.10002049 0.10001993 0.10001888]\n",
      " [0.10002603 0.10002242 0.59990778 0.10002249 0.10002128]\n",
      " [0.10002823 0.10002436 0.10002502 0.10002435 0.59989804]\n",
      " [0.10002817 0.10002429 0.10002506 0.10002441 0.59989806]\n",
      " [0.10002606 0.10002242 0.59990779 0.10002242 0.1000213 ]\n",
      " [0.10002609 0.10002246 0.59990762 0.1000225  0.10002133]\n",
      " [0.2        0.2        0.2        0.2        0.2       ]\n",
      " [0.10002824 0.10002438 0.10002507 0.10002445 0.59989786]\n",
      " [0.59992057 0.10001994 0.10002053 0.10002    0.10001895]\n",
      " [0.10002608 0.10002251 0.59990763 0.10002251 0.10002127]\n",
      " [0.10002823 0.10002436 0.10002508 0.10002439 0.59989794]\n",
      " [0.1000268  0.59990436 0.10002379 0.10002313 0.10002192]\n",
      " [0.10002605 0.10002247 0.59990764 0.1000225  0.10002134]\n",
      " [0.10002826 0.10002439 0.10002508 0.1000243  0.59989797]\n",
      " [0.10002595 0.10002247 0.59990781 0.10002247 0.1000213 ]\n",
      " [0.10002675 0.59990444 0.10002374 0.10002315 0.10002193]\n",
      " [0.1000268  0.59990438 0.10002381 0.1000231  0.10002192]\n",
      " [0.10002671 0.10002311 0.10002371 0.59990459 0.10002189]\n",
      " [0.10002678 0.10002313 0.10002373 0.59990447 0.10002189]\n",
      " [0.59992062 0.10001996 0.1000205  0.10002    0.10001891]\n",
      " [0.10002603 0.1000225  0.59990769 0.10002246 0.10002131]\n",
      " [0.10002677 0.10002317 0.10002372 0.59990442 0.10002192]\n",
      " [0.10002681 0.10002307 0.10002369 0.59990449 0.10002194]\n",
      " [0.10002673 0.59990454 0.10002373 0.10002313 0.10002187]\n",
      " [0.10002826 0.10002442 0.10002503 0.10002432 0.59989797]\n",
      " [0.10002822 0.10002432 0.10002507 0.1000244  0.59989798]\n",
      " [0.10002609 0.10002247 0.59990763 0.10002247 0.10002133]\n",
      " [0.10002819 0.1000243  0.10002508 0.10002432 0.59989811]\n",
      " [0.10002677 0.59990451 0.10002373 0.10002309 0.1000219 ]\n",
      " [0.10002831 0.10002436 0.10002504 0.10002439 0.5998979 ]\n",
      " [0.10002679 0.59990452 0.10002372 0.10002307 0.1000219 ]\n",
      " [0.1000267  0.59990454 0.10002369 0.10002314 0.10002193]\n",
      " [0.10002675 0.1000231  0.10002372 0.59990454 0.10002189]\n",
      " [0.10002679 0.10002308 0.10002378 0.5999044  0.10002195]\n",
      " [0.10002675 0.59990458 0.10002373 0.10002304 0.1000219 ]\n",
      " [0.10002603 0.1000225  0.59990768 0.10002249 0.1000213 ]\n",
      " [0.10002676 0.10002312 0.10002377 0.59990445 0.10002191]\n",
      " [0.2        0.2        0.2        0.2        0.2       ]\n",
      " [0.10002671 0.1000231  0.10002379 0.59990451 0.10002189]\n",
      " [0.100026   0.10002247 0.59990767 0.1000225  0.10002136]\n",
      " [0.59992062 0.10001997 0.10002053 0.10001997 0.10001891]\n",
      " [0.10002676 0.10002313 0.10002372 0.59990452 0.10002186]\n",
      " [0.10002676 0.10002311 0.10002374 0.59990453 0.10002186]\n",
      " [0.10002826 0.1000244  0.10002503 0.10002441 0.5998979 ]\n",
      " [0.10002674 0.10002309 0.10002374 0.59990445 0.10002198]\n",
      " [0.10002681 0.10002312 0.10002379 0.59990437 0.10002191]\n",
      " [0.10002599 0.10002241 0.59990783 0.10002248 0.10002129]\n",
      " [0.10002812 0.10002435 0.10002508 0.10002436 0.59989809]\n",
      " [0.10002832 0.10002435 0.1000251  0.10002436 0.59989787]\n",
      " [0.59992063 0.10001998 0.10002048 0.10002    0.1000189 ]\n",
      " [0.10002828 0.10002437 0.10002508 0.10002433 0.59989795]\n",
      " [0.10002826 0.10002436 0.10002507 0.10002436 0.59989795]\n",
      " [0.10002662 0.10002309 0.10002372 0.59990462 0.10002194]\n",
      " [0.59992067 0.10001992 0.10002049 0.10001998 0.10001894]\n",
      " [0.10002825 0.10002435 0.10002509 0.10002435 0.59989796]]\n"
     ]
    }
   ],
   "source": [
    "print(\"List of prob: \")\n",
    "print(LDA_DH_Model)"
   ]
  },
  {
   "cell_type": "code",
   "execution_count": 25,
   "id": "40fbb0ec",
   "metadata": {},
   "outputs": [
    {
     "name": "stderr",
     "output_type": "stream",
     "text": [
      "/var/folders/83/th0nqdn129x2p_9y6f6w9k5w0000gn/T/ipykernel_9319/3436890496.py:30: UserWarning: Tight layout not applied. tight_layout cannot make axes width small enough to accommodate all axes decorations\n",
      "  plt.tight_layout()\n"
     ]
    },
    {
     "data": {
